102 102 220 2068
262 262 551 1050
467 467 1470 1477
491 491 1576 1685
495 495 1541 1580
569 569 1711 1723
654 655 1906 1982
788 788 803 2068
854 854 1871 1926
982 982 1611 1891
1089 1089 1657 1680
1131 1133 1081 1083
1221 1221 1610 1616
1274 1274 1071 1770
1285 1285 1793 1836
1356 1356 1475 2068
1383 1383 1906 1944
1410 1410 1601 1609
1417 1417 1927 1975
1482 1482 482 2068
1499 1499 782 2068
1532 1532 795 2068
1540 817
1603 1603 1419 1593
1603 1603 1419 1783
1651 1651 472 2068
1683 1683 664 2068
1230 1245 926 931
1223 1232 913 919
1277 1293 753 758